4 0.000019 0.193516 0.052194
5 0.000038 0.183217 0.043660
6 0.000105 0.180917 0.045275
7 0.000064 0.179143 0.045407
8 0.000223 0.182279 0.045521
9 0.000846 0.181661 0.045248
10 0.003869 0.190705 0.046295
11 0.016905 0.184140 0.047651
12 0.072328 0.182949 0.050135
13 0.303770 0.184637 0.051988
14 1.257879 0.184171 0.060790
15 5.057054 0.191420 0.062618
16 20.419668 0.191244 0.084689
17 0.000001 0.199472 0.129391
18 0.000002 0.227001 0.215562
19 0.000001 0.279030 0.414562
20 0.000002 0.417342 1.162709
21 0.000002 0.696322 2.917997
22 0.000002 1.019078 6.759040
23 0.000002 1.478862 15.016643
24 0.000002 2.116643 33.128375
25 0.000001 3.141026 82.027573
